1111111111. · ,1

1. triplo longioribus. 1111. 111. ..11. ρ’. 56⁷. qu5 Μ..
5. 11. 1. 15. 1. 5. Ο. 111.11111111111111; 11111 1111111111
1111111 oblongo, multifloro'3 1111111111 111111111ῑὶ1 aequali}
1111111114111111.111111111111111111111111Ζἰ 11111111ὶί1 1111111111
111. oue. ‚ga.e 111.Ι ,qun ο. 111111

011. (111. ’11111111111 11 Η. cerm· 111. 1. 1111110. narbonam
1111111111.111111; 111111111111111111111111111111-11111 11. 1111111. 11
111.κ11.1.1111.1111110 11111111111111114111. .119..111111
111111111111111111111111 . 11111111]111.1.111.11’111111. eous.
11 0. pyrenaeum. - 111111111111111 Pal 11. 11111. 111111 1111111111
111. 1111111111 0. 1111111111 Suu. 111 1111111011. 1111111111 taur
1111111111111ιὲ1111..’ῗ’;..”.”.1’.1;’.·.111.11111111
1111 1111111111 111111111. 1111111 1111111111 111111111111· 1111 quo 1. 1
¹„haim 1111111 1111111111 1111111111 11111 1111111111 1111111. 11111111
111111 11111110. 11111111·

Ρ. 517· 1117. 011111111111111111111111 ’ 1111111

obe. 111111111111111111 11111111 111111111. 11111 1111111 11111. 1111
Χ 1111 1111111111. 11111111111111111 0. 111-11111111 111111111111111111
111111111111111. 011111111111111 orgo 111111111111 1111111111.1111
55:55¹:5:555·².5⁸55¹·5:.55‘55:55555:5·.‘55z555.‘·.·.5
11111111 1111 1111111 11 1111111 1 1111111111 1. 11111111111111111. 11 1
1111111111 1111111111111. 01111 1111 11111111110. adsumus (1. 0. pyum
111111). -, 011. 11111111 lot. 1111. 11111111 ..0. p 1111111111
1111111111 111111111 11111111111111111111111111111. 1111111111111. 111
111· 11111111111111111 1111111111. 11111111. 11111111 111111111111. 11111
111 1111111111.“ 11111111111111111111111111. 11111111111 ..11 1111111111

1 11111111111111 1111111111111111111111111111; 11111. 1111111111.“ 1111
Amr. 1. 111. 110.]1111111111 11111111. 111. 1. 1. 1111111 1111111111
111111111 1111111111 111111 11111111111111111111 11111111111111111111111
1“1.11ἰῗ.·.11“.’1“.“.“.“.’.1“.11.2“11“.9.·.11“.’11ἶὶ1.’1.’[” “¹¹55 5³:55:
11 Nor. 1111. 11. 1. 1. 111. 0. 111111111111 (111111 1111111111111. 1111 1
1111 11111111111111111 111111-1·111111.1111111 1111111 11111ιί1111 11111

, 111111111111111111111 11111111111111. 11111111111111111111 111111111
11111). 11111 1 11111111111111110. 1 11111111 11111111 111111111. 1111 1
1111111 11111 1111111 111111111. 111111 1 1111111 1111111111 111 quot
1111111 11111) 11111 11111. 0. 1111111111 1111 111 0. 11111111111 A!
(111. 1111111111111 11. 11111. 111. 1. 111 1111110.1 1111111111. 1
1111111111. 111111111111-11111111111 1111111111111111111111111111111111.
111. 11 111111 1111111111 11111111111111 11111111 ..11111111 11 1111111 1111.
1111111 111111111· 11111 1111111 11 0. 11111111111 11111111111111 11
11111111· Ι111111· 11... 11111
111.”11111’ 1111111. 31:¹⁰:ss- 1111 11111111Ι 111. 11111ν1011111111.1“1.1,111

55 »55555555'55'553²·535255‘55:555: :55:5¹52555553
ί0111111114111 0. 11111111. 111. 1. 11. 1111 111111. 1111..10.,1111111111
Ι Ι Ι 1.,

P.'518.n. 18. 011111111111 1111111111. 1111111

servatio:

011. 11111111 111111111111 111111111 11111111 ..0.1111111111111 111. 111
ι1.1.1,.η111111λ1111111111111111111111111111 11111111111. 111111. 11111111 111
11ιὲ ἰ1111111111. 113111113113111111 111111ω11111111111111ι1111111 11111 1
0. 1)]11111111111111111 111. 00⁸ 11111 affin 1111111111 '2'ss 11111.. 1117111111
11 11111 ι1111111111.“ 111111111111 111 111111111 111111111111111.

111. 11. 111. 1. 111.. 111111111111111 111. 1111111.

1111 1111111· 1111111111 1111111 1111111111 11 111111 110. 1111111111

11111 11111. 1111111111111111111 111111111111 11111111111111111111111

111. ,1111 11. 1. 1. 1. 111.. 11 0. 1111111111 1111111111111 1111111

ὶ1111111111 111ἑ1711111111111111 111111111111 1111111111 111111111111 1
⁰ 1 Ι 0 ‘n

N. 19· 0111111111111 sulfureum 11111111 11111111
0111. lanceolam-linearibus, 11111 cucullato, 11111111
07ae- 111111111. 111. 111. 1111 11. 108

 

